2
334
57313897 929852184 333209427 955165387 869057037 251667397 447956527 358623149 911179988 958455165 485143438 295005084 191992986 404425003 737102932 794544286 241456108 540554127 770392410 513276878 421352079 548893116 118550508 304594904 168912375 427315098 737802316 870178687 2215377 385353317 672409645 202946584 921597561 902962476 495298360 157983756 251642756 119737683 330481546 993885530 890557496 88090897 661816884 186154514 62452751 524073459 504019898 333769435 799470392 332014423 87148693 132028270 366022422 235717362 611871153 602083608 977748159 341763403 324791023 205032764 352209278 693696573 79372196 12056527 391634257 828513145 906520856 761121242 261078891 809749249 62328585 969249276 542732467 32857006 661983781 554887398 597541444 932668844 365798035 706488796 442899435 544831737 429372011 394436410 339477164 711520233 999134777 528757997 456486206 638164389 531265918 308856566 504185994 638996647 379020591 982342123 776813104 624490303 941103156 135135606 27931393 982026769 65761258 622888148 4007814 65834133 226913954 842586966 472187000 964635030 756251168 625612003 902627654 229980084 204699164 648628853 167918738 503462370 167868612 508538519 51723444 156437480 752078648 900812270 278372405 854130914 475565069 829675949 131366485 624773567 686854091 762990623 183478663 33187266 298274671 587896097 335012336 503949573 271693034 224653476 555497963 384083697 97245599 393279280 359768199 148614344 74227945 104934492 924288007 684895259 68897939 550392151 679070817 743994708 671742814 961418594 492918720 761304622 10083198 136826964 598043395 571199031 492912925 943415573 889931835 506008917 463676631 159599139 846365488 97235006 725611069 860801552 409862109 992695038 923989074 935615489 985640688 184876917 407008273 884403249 614830667 153696727 457862885 770659436 303868294 325177130 900986670 661520532 271830634 312352203 994537155 479345952 329666935 781591529 745568107 913986968 727824479 762903049 401531747 489023258 492744841 325580672 174874587 842858712 555948943 541603580 521926521 923962520 343437248 141388028 205469908 44999474 61833887 626183251 113078010 223018262 688212322 190611625 127306218 59556547 912710003 196343546 356919067 293872977 156394739 152371733 405460980 914845416 331230514 641929501 68665425 944181063 59351864 888915468 144692997 570704958 325521472 379949099 33334354 614701108 743193143 311452316 395994738 910025890 295844417 413495504 896117266 675995285 900874549 721971985 111875282 354115376 675548700 463280890 460789190 129665064 1694901 226553337 508019192 467545670 653586932 533421524 669791971 198985705 575561343 818066721 397315321 904041345 341571888 35643852 592266271 15672341 192717206 299537301 804052524 318487998 732753523 601405071 99834733 577609770 976344639 226081187 488779044 398321434 943930276 108631819 686572548 139976931 250739200 800460503 596106423 202552049 113899494 132404587 672157272 694572608 421553053 346385919 576867577 369004513 817350047 173953822 437172767 1384827 168653083 778487079 428822849 259916743 956498548 26151119 493886540 863630099 722728897 196267421 442855970 515212736 870105931 46220397 719394582 839170245 951245841 647937006 760682353 194440745 799300679 684546340 577934833 722188172 441855954 699415014 439605829 555194527 565562574 149646177
13 27
231 156
41 13
106 327
128 19
318 149
192 296
260 308
19 84
79 284
115 30
83 7
22 190
170 38
59 160
221 326
169 160
134 222
88 152
230 330
302 214
178 94
91 263
96 118
197 252
310 168
296 331
113 4
96 80
177 314
329 190
116 317
14 292
3 281
2 103
140 132
278 122
269 274
305 285
28 238
31 168
153 303
264 284
247 175
151 300
332 127
39 187
107 47
4 256
135 101
159 292
288 207
129 288
322 66
243 260
236 294
261 242
315 236
15 262
150 225
126 181
119 279
240 149
75 79
102 73
36 137
197 144
27 200
147 253
99 249
310 9
155 17
80 182
271 23
175 50
227 189
61 172
276 9
130 234
133 66
319 297
105 193
38 325
113 201
202 162
164 258
329 125
277 59
141 188
255 289
173 326
112 231
246 87
62 265
6 120
166 49
328 30
327 289
226 287
250 34
233 131
99 100
81 218
139 174
72 313
214 334
101 240
56 252
278 43
67 56
127 186
179 326
124 138
332 304
176 215
333 269
155 143
273 121
219 293
164 223
87 306
300 272
20 222
280 76
285 11
241 286
194 237
199 324
194 222
163 262
319 7
235 264
271 70
277 294
180 298
6 311
72 50
307 150
35 215
104 116
246 250
85 155
117 325
97 145
291 295
73 2
70 198
262 96
109 55
202 28
254 220
279 267
45 112
312 6
18 100
287 47
211 41
16 232
318 247
158 4
248 137
153 228
255 128
130 51
232 273
233 311
265 276
136 301
36 84
161 157
167 226
148 205
308 26
211 266
224 27
127 210
274 306
18 54
151 313
98 301
141 243
111 40
178 181
251 309
230 312
113 89
164 10
5 21
119 64
77 212
65 49
199 307
33 44
248 46
35 144
184 20
102 91
1 111
170 78
205 12
55 254
142 106
281 203
230 143
193 92
33 217
158 52
244 122
285 95
82 71
108 224
296 283
182 257
74 179
282 315
258 322
293 176
179 63
267 61
120 81
259 286
133 301
187 208
185 129
304 333
196 138
204 219
123 154
227 330
213 177
8 291
254 216
275 17
32 264
282 139
195 75
42 257
334 298
83 90
235 93
152 71
321 189
166 213
126 164
295 124
17 203
123 39
206 305
15 188
60 238
147 75
140 121
122 98
52 12
146 183
63 191
309 216
165 234
257 64
183 56
283 198
201 191
261 156
132 320
57 9
37 82
114 66
104 225
170 107
261 161
5 317
329 251
81 221
14 245
167 237
206 178
6 239
316 173
275 54
108 217
68 157
29 68
103 51
204 93
110 49
8 86
53 185
286 62
37 286
165 90
320 105
46 314
208 110
169 142
115 310
69 45
86 67
285 25
229 14
34 76
92 154
75 290
180 53
38 58
302 324
22 76
269 48
266 263
100 299
268 287
207 174
272 69
68 109
70 145
24 20
297 135
60 322
16 44
69 171
212 245
196 184
25 229
144 270
212 3
244 88
168 97
253 210
249 209
43 303
148 26
40 21
323 260
172 117
101
134 327 113
111 157 158
296 61 60
93 123 228
23 3 31
245 181 54
235 39 244
172 58 180
82 289 274
300 235 322
233 225 329
113 143 282
203 231 169
124 213 62
315 327 258
236 72 240
47 289 20
139 183 287
311 222 331
54 298 325
44 139 70
284 203 289
202 97 171
74 54 323
242 41 286
149 155 132
313 140 211
28 331 88
51 86 334
44 202 38
137 48 263
53 265 21
165 9 173
49 205 177
18 120 23
275 227 231
32 331 169
288 9 267
310 170 32
182 288 153
191 165 154
147 138 17
147 250 244
235 120 58
199 313 306
212 200 142
192 239 105
188 139 14
243 180 291
199 300 227
174 157 298
194 76 30
193 3 207
35 88 249
242 252 102
58 282 203
10 160 222
218 315 306
315 192 8
112 311 216
271 302 26
264 6 107
91 144 13
124 63 332
1 322 313
165 143 288
102 153 224
193 11 283
187 289 287
111 17 204
244 2 200
173 334 257
228 292 73
104 215 322
267 24 16
107 81 153
200 225 232
138 252 113
191 162 43
277 244 102
312 168 84
217 275 328
9 85 94
256 54 214
228 43 54
18 71 42
78 150 213
175 73 44
224 320 198
293 137 261
249 273 254
86 103 49
87 122 90
292 303 88
4 333 34
150 1 118
155 64 232
11 79 80
4 101 69
161 248 169
34 165 276
344
293487359 590939343 748493063 372831735 304898224 511957048 59830351 877669884 30743104 268172180 259615021 489451283 228112527 472615034 933588340 359890965 592952707 591377187 770956349 943857852 49442949 391720175 850020449 943153706 4171522 569327838 732882689 693590371 87171307 803072024 339461631 470710222 731239733 620603494 651120770 802457528 869284954 790608566 287337334 190845648 328919767 750918554 764423177 210380460 769940396 681396682 104709680 454062403 68865247 786621597 744610592 446687090 760495609 637579412 786552789 688870775 497907335 156930000 746609038 240151417 913445018 760834711 341277262 316771326 857938248 254947795 163832157 832072306 596189992 912484242 674346950 880781735 604832474 288516487 390918871 274678352 80344445 534969223 580958371 616939908 98771767 176729102 137196163 95137601 541166001 992381112 314465169 247479527 290955416 915032264 544943915 797872057 62852125 433466276 727799670 516796256 625792374 954821462 700752345 285350503 737264475 177160461 578090878 802952384 939254921 507341210 987474900 566743613 119614019 189905908 261710095 966718744 250409676 65623476 334765734 317870187 656846318 126630809 68880853 823622329 803802486 359168518 756071449 146311780 776768949 94578559 611936182 713422388 973164545 54683440 467793972 131149782 589916978 933678950 657684190 432598106 194590245 448946707 824500546 6708917 423387197 902937934 628987827 856921149 816277469 717160401 869085642 239805744 820456175 381881721 601979617 340714285 320684896 563956170 22209175 387342776 715731361 694677609 602737487 517580987 601339688 282114464 41034416 971696384 689010413 750588637 115701798 353873080 692291565 201730355 128315744 509629943 656278443 399627223 809236176 164034357 949389482 822053028 292352558 821869518 510534900 197952152 41417973 420743299 329999510 772919381 549298405 915636215 105256481 116997793 293053567 349165363 17642283 390301926 428080012 508794915 815058124 257881522 556802967 684489751 166555170 196960056 988320366 911535683 419184333 208394190 143689893 40059967 929810803 50388589 49784850 693717639 494810173 805252404 19615826 236921596 42190168 713344997 495788355 146014561 314324342 312831591 986423688 790812127 80503370 162045250 267122953 196819841 371815183 887387174 474567024 266886329 221201666 415310436 200898732 553816025 223520739 826107763 564697458 466499483 200376953 158196589 659850679 437199258 979852555 616738191 767230263 603445974 240259047 741813436 997782001 579454004 654398942 752295931 354057385 97450748 269761222 706603253 62149477 138572633 443295223 263972984 745241585 876850909 793469647 398466806 170563675 369559290 813147950 639654150 190190455 206354825 156886010 559547362 75871579 694468423 948749725 66080744 667640804 218632787 31749250 828823322 556313904 734406834 920252315 143571358 736596002 334951627 665894622 449523774 576928994 534303212 511518147 811258600 219132250 264326851 285184456 304411951 540853178 337778661 508890349 8061128 111578868 158662730 740614200 913094670 386276160 12761039 295697971 908622975 14785690 868270003 930958697 624488253 449347903 743992602 148315372 790277518 486544436 980672909 719260882 169787741 481793983 106630520 819038387 33743286 379156972 277683883 587866669 805438285 364215561 884298970 224950112 643840248 802326058 599437341 52538739 385031217 121976742 844940144 169701645 954995605 284111256 999870772
56 204
277 198
245 139
335 125
300 241
88 200
304 148
52 43
226 96
81 199
266 186
285 183
253 14
231 259
196 308
109 80
204 264
24 208
86 190
242 322
232 186
220 79
132 266
27 332
244 148
206 303
74 149
259 88
319 169
82 9
170 306
116 251
217 278
254 118
290 265
193 254
155 287
51 296
276 241
43 247
213 244
203 103
82 92
130 174
25 15
64 282
292 291
75 77
134 293
296 234
154 231
118 336
83 295
111 341
211 195
318 12
252 168
71 325
297 100
114 214
337 101
150 61
194 14
233 262
82 140
19 177
219 36
223 49
48 172
127 272
10 340
271 191
299 261
342 263
298 41
122 286
43 326
17 89
13 276
119 258
261 333
39 260
170 197
159 292
165 38
161 5
301 72
113 50
294 257
249 318
45 315
21 9
68 240
179 226
270 78
106 147
237 146
39 335
225 78
282 330
238 281
54 47
114 187
125 76
181 167
179 163
305 237
208 228
230 321
220 28
93 85
26 76
316 140
62 164
132 215
252 31
74 275
334 92
2 302
89 98
118 184
207 222
311 176
289 83
212 169
108 309
285 290
11 269
277 110
81 26
130 145
192 102
323 94
136 189
138 243
20 281
62 324
188 63
114 163
274 240
87 136
11 84
67 159
216 72
322 12
181 101
244 46
338 313
271 129
209 128
58 159
96 6
329 192
35 99
331 112
107 245
131 101
258 302
195 166
264 175
133 95
87 228
210 178
183 93
310 306
3 42
162 250
270 68
117 171
235 198
172 142
248 47
249 280
52 278
31 191
35 319
333 98
340 151
95 55
126 234
233 59
40 45
257 103
32 324
107 29
56 295
157 1
133 70
268 150
23 335
340 134
273 171
273 113
180 128
41 278
202 341
126 268
37 310
15 312
15 22
169 102
37 135
226 69
90 320
33 303
65 323
239 305
227 330
116 297
119 157
33 344
181 338
307 328
137 61
2 309
8 51
122 55
164 202
232 85
201 218
160 21
310 65
221 248
200 283
123 218
198 253
219 327
54 112
107 215
48 301
124 44
90 152
272 280
144 19
155 328
146 4
242 174
158 193
65 184
223 321
7 21
40 223
131 256
262 328
207 80
246 255
337 196
121 59
291 287
139 153
63 221
269 79
227 17
91 156
70 160
201 265
185 115
233 267
225 73
84 106
116 339
199 18
211 185
307 321
341 252
91 177
284 158
224 187
238 178
104 229
264 27
178 86
34 53
73 189
252 161
141 194
274 329
216 176
311 145
143 124
64 60
256 97
162 144
173 225
341 275
289 314
22 230
213 90
14 288
115 243
224 151
33 158
42 343
154 167
30 44
327 123
38 62
331 156
199 222
188 117
58 326
312 180
30 239
206 105
279 253
300 50
263 16
20 41
209 195
293 294
190 263
251 207
23 255
28 104
308 110
229 4
205 193
35 203
147 137
66 15
182 141
317 74
138 283
314 303
246 24
3 143
286 14
53 96
71 299
68 236
294 57
325 127
142 34
299 120
343 77
108 75
36 13
250 60
140 37
244 38
332 152
100 342
8 153
962
330 87 130
280 3 94
4 107 239
289 214 193
29 69 247
267 267 67
337 259 200
66 282 26
27 194 142
51 233 226
275 254 171
154 275 6
253 258 206
20 225 58
181 321 162
216 264 232
89 53 137
2 220 128
287 111 210
121 100 300
120 15 263
31 311 283
91 45 203
51 206 125
341 232 259
275 290 24
297 270 203
28 297 33
107 115 219
254 44 206
18 158 10
138 276 114
326 321 123
158 308 297
230 176 117
75 256 189
310 21 344
245 335 137
312 114 110
20 23 69
49 80 111
105 15 338
23 222 144
124 113 239
152 100 285
268 216 147
109 153 293
320 175 141
15 291 318
68 332 130
185 310 186
231 59 70
80 31 49
171 214 316
255 226 144
29 164 170
7 113 57
318 208 247
77 335 307
170 116 8
229 237 139
96 310 315
190 283 236
225 75 50
343 210 300
78 186 170
337 249 168
172 196 237
157 93 307
202 257 270
273 293 145
93 277 155
86 108 249
106 235 137
236 257 315
341 97 51
344 189 182
89 93 236
94 36 190
159 151 262
27 279 253
50 305 123
157 40 16
115 203 59
70 278 324
322 274 133
117 98 226
318 98 282
158 250 239
69 338 222
19 20 192
38 96 2
156 94 309
102 158 239
252 100 139
320 276 196
253 98 40
66 14 11
165 84 225
316 120 103
1 251 294
315 160 138
123 138 66
70 108 253
327 305 20
7 172 64
99 312 26
101 122 251
214 86 104
64 224 316
24 11 172
133 249 203
172 171 53
268 275 99
114 341 43
271 156 35
40 140 329
172 124 45
115 189 225
206 138 293
218 153 143
167 10 213
306 244 282
178 14 127
64 118 231
15 267 211
27 136 200
62 102 130
296 90 300
145 55 275
235 315 263
164 326 37
219 169 67
279 148 293
38 227 240
318 164 58
61 220 249
263 171 222
42 169 143
116 212 69
25 246 339
195 127 27
268 204 31
3 283 66
249 70 205
144 75 59
40 78 276
98 142 206
97 194 238
138 314 172
187 236 70
29 11 179
67 312 233
301 87 114
179 95 114
93 12 215
297 341 331
107 277 246
59 87 2
188 121 339
264 273 49
139 214 226
298 61 2
306 21 326
26 247 89
254 246 32
218 215 187
261 38 258
233 247 255
114 254 147
124 342 66
19 31 307
121 29 112
16 156 290
216 297 208
296 31 301
141 73 176
272 320 138
119 66 241
205 26 29
182 263 221
18 206 82
324 101 151
196 93 341
273 231 235
77 97 247
165 230 343
103 212 323
344 20 208
59 60 320
60 234 121
192 6 248
230 335 104
24 321 89
122 339 114
328 149 147
301 339 161
56 76 98
296 318 123
275 129 117
234 160 302
256 247 127
254 335 185
49 140 205
342 291 157
250 334 32
238 169 237
124 317 139
301 123 227
67 122 144
176 137 252
94 39 23
256 291 5
342 240 280
94 306 78
58 105 66
141 212 271
337 176 91
15 56 33
160 229 41
292 322 183
77 225 241
183 312 325
60 76 296
265 164 96
33 162 175
275 131 247
182 311 314
287 295 170
38 192 235
239 249 233
89 157 188
97 178 150
201 157 67
89 194 262
270 297 137
33 25 28
182 269 181
125 141 136
192 219 333
195 291 224
186 257 189
42 51 116
63 317 36
192 318 30
310 6 237
194 42 315
344 261 210
166 201 148
344 189 198
340 69 136
265 336 83
85 279 102
43 147 210
27 329 255
151 3 227
234 73 193
5 232 36
285 247 218
330 17 125
221 130 36
286 161 148
127 239 244
342 186 333
20 18 296
278 136 77
166 129 288
130 48 81
128 133 221
166 122 113
150 227 216
203 211 49
326 180 318
163 62 138
333 32 145
47 180 173
165 97 105
248 114 257
63 38 244
140 227 69
340 173 114
43 295 305
153 37 205
65 331 297
203 203 135
165 170 58
272 5 166
154 155 225
239 124 308
196 147 208
177 134 162
142 309 155
337 284 287
155 240 195
56 160 44
138 249 34
5 330 219
342 153 32
308 99 239
214 313 308
197 81 118
281 19 92
320 237 254
300 300 177
190 179 77
24 48 174
329 89 132
167 133 265
16 267 293
6 291 316
13 284 75
248 307 332
88 104 49
80 214 66
320 161 111
280 320 297
175 223 33
137 270 169
262 244 114
243 285 2
26 32 256
30 92 140
150 169 335
121 130 205
26 53 163
26 28 42
195 252 241
317 313 131
43 336 15
161 247 153
276 72 12
16 42 202
344 197 337
319 106 159
227 274 121
14 222 276
267 194 293
232 95 193
223 117 180
325 206 160
271 108 138
167 1 215
204 206 47
195 219 278
192 107 306
129 11 27
152 120 166
95 62 285
128 74 125
145 216 23
198 87 283
108 215 159
194 42 333
300 121 222
12 22 290
291 1 121
184 70 129
84 164 97
183 4 164
312 18 22
287 119 36
56 18 1
268 336 70
82 173 123
199 111 37
216 206 329
87 315 145
86 201 307
230 296 215
211 267 276
46 76 57
107 186 322
76 292 144
91 245 304
244 228 144
245 109 323
326 92 92
301 92 52
169 66 235
116 150 172
198 156 129
52 71 277
326 5 25
212 19 335
87 331 235
309 196 216
324 95 266
13 153 121
211 318 256
98 131 198
28 134 60
26 244 221
159 12 203
10 282 113
342 92 21
340 89 120
44 177 146
333 224 290
4 158 94
166 158 268
94 133 10
186 293 109
230 271 43
208 118 103
326 164 88
226 142 257
150 260 215
23 240 323
82 261 15
141 195 235
19 239 244
217 86 174
297 182 159
138 315 226
1 214 181
179 129 2
154 36 171
337 197 322
213 235 127
38 58 4
228 109 320
339 246 243
139 268 281
195 264 79
93 225 186
335 256 96
73 267 89
196 342 88
70 290 137
5 167 275
67 205 152
309 196 81
203 289 30
148 188 6
15 173 187
317 220 288
125 171 137
341 244 138
25 80 26
296 60 119
314 14 4
271 88 146
239 184 83
21 272 164
18 22 150
340 308 70
212 19 166
210 319 137
266 68 35
81 242 122
23 299 217
238 4 3
314 172 329
240 295 39
74 230 299
116 93 260
112 260 171
47 35 191
157 109 299
316 221 307
69 138 16
248 307 67
67 231 56
235 19 233
197 189 219
305 64 174
138 182 192
64 82 244
266 273 147
67 311 73
269 231 11
56 82 198
176 317 130
301 97 216
148 28 103
17 316 213
336 54 135
289 227 145
160 307 141
56 311 2
215 156 149
307 21 250
18 286 40
61 191 92
29 50 268
63 317 90
67 82 323
251 307 157
209 256 6
106 91 4
83 147 305
259 61 129
146 146 297
158 44 162
212 29 29
25 115 92
5 48 114
217 241 54
174 170 266
203 330 259
148 62 142
124 192 120
291 217 146
63 56 32
43 12 80
142 224 309
18 203 297
156 248 201
27 109 128
185 303 196
302 30 152
109 176 7
169 58 193
41 133 161
46 299 325
51 140 113
238 174 120
74 216 300
269 250 224
122 210 80
182 162 57
201 128 73
266 187 5
130 78 283
339 329 236
144 274 336
183 141 23
293 125 115
34 98 258
180 296 12
187 58 201
85 52 14
115 171 2
233 277 206
58 158 157
125 160 254
179 74 233
3 172 313
210 205 207
77 302 96
283 12 99
172 144 270
285 196 9
41 106 127
136 32 5
18 10 295
172 157 199
25 74 65
267 163 189
240 168 190
89 197 226
248 43 320
97 284 286
243 67 197
114 159 271
279 200 200
274 103 255
205 206 117
258 25 127
313 32 133
156 292 259
195 140 98
313 300 94
255 62 228
247 183 24
201 336 11
234 23 230
107 186 94
329 311 106
18 45 317
186 19 307
303 204 11
41 241 111
202 238 271
318 277 247
141 166 291
293 229 339
279 157 293
179 329 198
86 265 333
318 30 324
282 302 215
109 147 9
286 277 42
313 77 324
160 290 153
243 239 13
212 227 128
119 92 44
109 143 74
287 112 27
221 148 290
132 164 173
221 285 199
153 258 168
111 210 317
105 98 191
91 313 208
171 203 12
344 172 58
275 132 245
117 43 8
60 243 197
55 317 185
84 222 53
308 50 167
47 274 331
96 315 130
87 57 18
327 212 242
211 337 107
258 194 19
327 217 83
6 161 287
43 253 70
74 104 215
295 269 108
153 295 171
238 297 321
296 128 156
296 248 122
296 269 102
118 35 13
135 218 74
144 156 1
59 219 28
234 76 327
183 55 297
56 52 96
138 46 148
246 210 23
180 216 25
267 175 329
179 151 210
111 47 131
31 110 274
108 162 243
265 178 159
50 66 235
130 289 124
327 141 74
18 321 54
333 51 84
254 307 125
188 171 60
174 281 119
106 162 16
118 92 184
129 204 308
213 66 309
337 239 298
243 14 162
55 252 297
303 73 114
229 248 132
233 336 110
50 323 342
35 247 319
164 104 323
318 14 208
196 198 81
251 153 103
193 220 240
168 61 132
97 266 342
69 96 20
252 31 95
262 97 94
313 262 187
306 57 22
238 45 321
139 296 9
195 16 164
48 132 217
264 162 131
329 86 154
31 164 62
313 222 309
163 194 143
242 306 276
321 227 214
76 97 262
303 168 184
182 149 268
59 71 50
161 122 60
134 281 121
194 240 181
153 306 156
7 312 2
303 312 29
285 101 219
285 118 212
248 81 273
150 18 278
275 123 193
315 285 221
169 6 61
274 209 248
324 317 117
28 89 244
37 124 140
292 220 156
180 225 225
205 122 199
249 227 316
292 235 8
123 155 123
63 173 58
311 297 275
316 85 179
60 193 235
14 33 153
102 230 151
197 276 276
160 270 57
284 122 203
262 144 30
80 85 195
186 330 319
54 184 187
62 270 197
308 283 340
18 222 209
164 207 288
216 70 307
269 179 313
325 171 170
115 6 60
153 338 308
264 143 142
321 74 176
100 194 87
28 141 329
234 245 212
220 227 237
308 163 195
110 152 125
289 72 57
156 120 182
52 108 183
257 305 96
23 244 61
70 161 230
337 54 142
259 232 62
308 235 261
145 320 146
267 75 70
54 3 135
299 37 225
225 260 188
335 205 164
24 313 54
202 185 216
111 128 2
95 118 213
115 257 132
100 191 217
94 331 110
184 303 189
196 330 188
249 312 185
318 16 86
81 60 234
302 82 278
34 250 34
307 142 236
192 252 56
238 266 150
223 24 152
324 127 213
190 267 237
182 278 117
171 5 188
335 138 12
184 66 139
260 320 317
261 78 275
57 123 326
183 284 19
186 19 143
183 191 62
240 176 173
294 257 118
126 106 343
329 11 137
267 12 63
89 124 340
329 233 92
173 39 262
31 125 46
10 223 135
35 8 2
234 85 74
178 312 152
179 100 319
123 29 338
155 155 109
177 122 142
306 100 54
209 337 111
119 139 236
292 7 343
198 98 44
78 161 200
185 107 24
15 333 101
45 182 26
200 68 147
103 148 310
337 135 108
248 52 344
321 257 183
61 5 263
342 325 40
163 260 17
167 208 79
265 272 336
231 192 342
63 162 260
283 302 299
15 297 177
142 73 152
193 222 155
284 51 160
269 228 240
269 113 52
227 260 149
60 318 29
285 310 13
111 72 76
81 211 190
167 46 238
128 105 301
259 104 325
139 255 12
281 120 11
240 3 281
262 273 257
87 105 66
71 318 24
155 309 263
248 341 39
134 115 7
267 180 269
164 134 158
19 299 144
36 255 70
331 339 158
339 240 44
129 206 17
234 39 285
8 256 282
314 167 145
198 261 70
86 93 184
233 140 253
225 247 251
80 163 20
232 323 301
47 27 71
337 13 218
140 126 156
221 41 287
105 80 37
178 179 28
177 298 141
261 52 142
328 45 198
295 206 264
309 278 104
230 203 163
114 117 69
335 98 157
190 51 4
185 42 223
280 68 27
204 107 178
256 138 66
299 121 115
18 11 292
182 331 245
139 221 344
163 164 319
96 224 191
119 176 30
332 83 335
64 170 134
41 66 273
30 229 147
129 166 271
74 81 53
262 86 257
14 23 85
176 270 80
110 143 138
342 263 315
54 184 167
303 198 97
125 40 145
154 223 343
89 309 340
195 4 299
115 4 238
143 169 9
125 65 288
291 139 237
306 320 160
1 42 185
46 50 219
196 235 103
335 154 322
333 41 226
58 201 243
180 77 225
257 175 227
148 340 261
189 325 25
113 298 132
31 135 173
93 117 229
76 14 17
194 211 189
9 134 183
73 54 42
76 108 53
91 272 271
52 139 197
46 203 256
3 120 144
308 339 312
25 131 277
55 223 40
227 119 165
232 132 105
333 117 18
208 35 76
324 108 328
279 37 169
88 61 339
125 140 317
41 309 121
22 341 296
216 66 42
122 108 287
303 235 287
101 263 6
325 242 320
315 14 129
188 173 137
54 282 116
36 180 141
27 205 319
12 195 180
18 65 7
78 235 154
30 4 194
251 37 50
22 282 122
272 175 114
154 52 37