100
100 1000000000 1000000000
1 1 0 0 0 1 0 1 0 0 0 0 1 1 1 1 0 0 0 1 0 0 1 1 1 0 1 1 1 0 0 0 1 1 0 1 0 1 0 1 1 0 1 0 0 0 1 0 0 0 1 1 0 1 0 1 0 1 1 0 1 0 0 1 0 0 1 0 0 0 1 1 1 1 0 0 0 1 1 0 1 1 1 1 0 1 0 0 0 1 1 0 1 1 1 0 0 0 1 1
100 1000000000 1000000000
0 1 1 0 0 1 0 1 1 0 1 0 0 0 0 0 0 1 1 0 1 0 0 0 0 1 1 1 1 1 0 0 1 0 0 1 1 0 1 0 1 0 0 1 1 0 0 0 1 1 1 0 0 0 1 0 1 0 0 0 0 1 0 0 1 1 0 0 0 1 1 1 0 0 1 1 0 1 0 1 0 1 1 0 0 0 0 0 1 1 1 0 0 0 0 0 0 0 0 1
100 1000000000 1000000000
0 0 1 1 1 0 0 0 0 1 0 0 1 0 1 0 1 1 1 1 1 0 0 0 0 1 1 0 1 0 1 1 1 0 0 1 0 0 1 1 1 1 0 0 0 1 1 1 1 0 0 0 0 1 0 0 1 0 1 1 1 0 1 0 1 0 0 1 0 1 1 1 0 0 1 1 0 0 0 0 1 0 0 1 0 1 0 1 0 0 0 0 1 0 0 0 1 0 0 1
100 1000000000 1000000000
0 0 1 0 0 0 0 1 0 1 1 1 0 0 0 1 0 1 0 1 0 1 1 1 1 1 1 1 0 0 0 0 0 1 1 0 0 1 1 1 0 1 0 0 0 1 0 0 0 1 0 0 1 1 0 0 1 0 1 1 1 1 0 1 0 0 0 0 1 0 1 0 0 1 0 0 1 1 1 0 0 1 0 1 0 1 0 1 1 1 0 0 0 1 1 0 0 0 0 0
100 1000000000 1000000000
0 1 0 0 1 1 0 0 0 1 0 0 1 0 1 1 1 0 0 1 0 0 0 1 1 0 0 1 1 1 1 1 0 1 0 1 1 1 0 0 0 1 1 1 0 1 0 1 0 1 0 1 1 1 0 0 0 0 1 0 0 1 0 0 1 1 0 0 0 0 0 0 1 1 0 0 1 0 0 0 0 0 0 1 0 1 1 0 0 1 0 0 1 0 0 1 1 1 1 0
100 1000000000 1000000000
0 1 0 1 1 0 1 0 0 0 1 1 0 1 1 0 0 1 1 1 0 1 0 0 1 0 1 0 1 1 0 1 1 0 1 0 1 1 1 0 0 1 1 1 0 0 1 0 1 1 0 1 0 1 0 1 1 1 1 0 1 0 0 1 1 1 0 1 0 0 1 1 0 1 1 0 1 0 1 1 1 0 1 0 1 1 0 1 1 0 0 0 0 1 0 1 1 1 1 0
100 1000000000 1000000000
0 1 1 1 0 0 1 1 1 0 0 1 1 1 0 0 0 0 0 0 1 1 0 0 1 0 1 0 0 1 1 0 1 1 0 1 0 0 0 0 0 0 1 0 0 0 0 1 1 1 1 1 0 1 1 0 0 1 1 0 0 1 0 0 0 1 1 1 1 1 1 1 1 1 1 0 1 1 0 0 0 0 0 0 0 1 0 1 1 1 1 1 1 1 0 0 0 1 0 1
100 1000000000 1000000000
0 0 0 1 1 1 1 0 0 0 0 1 1 1 1 0 1 1 1 1 1 1 1 0 0 0 1 0 1 1 1 0 1 1 1 1 0 0 0 0 1 0 0 1 1 0 0 0 1 1 0 0 0 1 1 0 1 1 1 1 1 0 0 1 0 0 0 1 0 0 0 1 0 0 1 1 1 0 0 0 0 0 0 0 0 1 0 1 1 0 0 0 1 1 0 0 0 0 0 0
100 1000000000 1000000000
1 1 1 1 0 0 0 1 1 0 0 0 0 1 0 1 1 0 1 1 1 1 1 1 0 0 0 1 0 0 0 0 1 1 0 0 0 1 1 1 0 1 0 0 0 0 0 1 1 0 0 1 1 1 0 0 0 0 0 1 0 0 1 1 0 1 1 0 0 0 0 1 1 1 0 1 0 1 0 1 0 0 0 1 1 1 0 0 1 1 1 1 0 0 1 1 1 1 1 1
100 1000000000 1000000000
1 1 0 0 0 0 1 0 1 1 1 0 1 1 1 0 0 1 1 0 0 1 0 1 1 1 0 0 0 1 1 1 1 0 0 1 1 1 0 0 0 0 0 0 0 0 1 1 1 1 1 0 0 1 1 0 0 0 1 0 1 0 1 1 0 1 0 0 0 0 1 1 1 0 1 1 0 0 0 0 0 0 1 0 1 0 0 0 1 1 0 0 1 1 1 1 1 1 0 0
100 1000000000 1000000000
0 0 0 1 0 1 0 0 0 0 0 1 1 1 0 1 1 0 0 1 1 1 0 0 1 0 0 1 1 1 1 0 0 1 0 1 1 1 0 1 0 1 1 1 1 0 1 0 1 1 1 0 0 0 0 0 1 0 1 0 1 1 0 0 0 0 0 1 1 0 0 1 0 1 0 1 1 1 0 1 0 0 1 0 0 0 0 1 1 0 0 1 1 0 1 0 1 0 0 0
100 1000000000 1000000000
1 1 0 1 1 0 1 1 1 1 1 1 0 0 0 1 0 1 0 0 0 1 1 0 1 1 0 1 0 0 0 1 1 0 1 1 0 1 0 1 1 1 0 0 1 1 0 1 1 1 0 1 1 0 1 0 1 0 0 1 1 1 1 0 0 0 1 1 1 1 0 0 0 1 0 0 0 1 1 0 1 0 1 1 0 0 0 0 0 1 0 0 0 0 0 1 1 0 0 0
100 1000000000 1000000000
0 0 0 1 0 1 0 0 0 0 0 0 0 1 0 0 0 1 0 0 1 0 0 0 1 1 1 1 0 0 1 1 1 0 0 0 0 0 0 1 1 0 1 1 1 0 0 0 1 0 1 0 0 0 0 1 1 1 0 0 1 0 1 0 1 0 1 1 1 1 1 1 1 1 1 0 1 1 1 1 1 1 1 0 0 0 1 1 1 1 0 0 1 1 0 1 1 1 1 1
100 1000000000 1000000000
0 0 0 0 1 1 0 1 0 1 1 1 1 1 0 1 1 0 1 1 1 1 0 1 0 0 0 1 0 1 0 1 0 1 0 1 1 1 0 0 0 1 1 0 0 0 1 0 1 1 1 1 0 1 0 1 0 1 1 0 0 0 1 1 0 1 0 1 0 0 1 0 0 1 1 1 1 0 1 1 0 0 0 0 1 0 0 0 1 0 1 1 1 1 1 1 1 1 1 0
100 1000000000 1000000000
1 0 1 0 1 1 0 0 1 0 0 1 0 1 0 0 0 0 1 1 1 0 0 1 0 0 1 0 1 1 1 0 0 0 0 0 0 0 1 1 1 1 0 0 1 0 1 1 1 1 0 0 0 1 1 1 1 0 0 1 0 1 1 0 1 0 1 0 0 1 0 1 0 0 0 0 0 1 1 1 0 1 1 0 1 1 0 0 1 0 1 0 1 0 1 1 1 0 0 1
100 1000000000 1000000000
0 0 1 1 0 1 0 1 1 1 0 0 0 0 0 0 0 0 1 1 1 0 1 1 1 1 0 1 1 1 0 0 1 0 0 1 0 0 1 1 0 1 0 0 0 0 0 0 0 0 1 1 1 0 0 1 0 0 0 0 1 0 1 1 1 1 0 0 0 1 0 0 0 1 1 0 0 0 0 0 0 1 1 0 1 1 1 1 0 1 1 1 1 1 1 1 1 1 0 0
100 1000000000 1000000000
0 1 1 1 0 0 0 0 1 0 0 1 0 0 1 0 0 0 0 1 0 1 1 1 0 0 0 0 1 0 1 1 1 1 0 0 0 1 0 1 1 1 0 1 0 0 1 0 0 1 1 1 0 1 0 0 1 0 0 0 1 0 1 1 0 1 0 0 1 0 1 0 0 0 1 0 0 1 0 0 1 0 1 0 1 1 0 0 0 0 1 0 0 1 0 0 1 0 0 1
100 1000000000 1000000000
1 1 1 1 0 1 0 0 1 1 1 1 1 0 1 1 0 1 0 0 1 0 0 1 1 0 1 0 1 0 0 1 0 0 1 0 1 0 1 1 0 1 0 0 0 0 1 0 1 0 0 1 1 0 1 1 0 1 0 0 0 1 0 0 0 0 0 1 1 1 0 1 1 1 1 1 0 0 0 1 0 1 0 1 1 1 1 0 1 0 0 0 0 1 1 0 1 0 0 1
100 1000000000 1000000000
1 1 0 1 1 0 1 0 0 0 0 1 0 0 1 0 1 0 0 0 1 0 1 0 0 0 1 1 1 0 1 1 1 1 0 1 1 1 1 0 1 1 1 1 0 1 0 0 1 1 0 1 1 0 0 1 1 0 0 0 1 1 0 1 0 0 0 0 1 0 1 0 1 1 1 1 0 1 1 1 0 1 1 1 1 0 0 0 1 0 0 1 1 0 0 0 0 0 0 1
100 1000000000 1000000000
1 1 0 0 0 1 0 1 0 1 1 1 1 0 1 1 1 1 0 1 0 0 1 1 1 1 1 1 1 1 1 0 0 1 0 0 1 0 0 0 1 1 1 0 0 0 0 1 0 1 1 1 0 0 1 0 0 0 1 0 1 0 0 1 0 0 1 1 0 0 0 0 0 1 1 1 1 0 1 1 1 0 0 0 1 1 1 0 1 1 1 1 0 1 1 1 1 0 0 0
100 1000000000 1000000000
0 1 0 0 1 0 1 1 1 1 0 0 0 1 1 0 1 0 0 0 0 1 1 1 0 1 1 1 1 1 0 1 0 1 0 1 0 1 1 0 1 1 0 1 1 1 1 1 1 1 0 1 0 1 0 0 0 1 0 1 0 1 1 0 0 0 1 1 0 0 0 1 1 0 0 0 1 0 1 1 1 1 1 0 1 1 1 0 0 1 0 1 0 0 1 0 0 0 0 0
100 1000000000 1000000000
1 1 1 0 1 1 0 1 1 0 1 0 1 1 0 1 1 0 0 1 1 1 0 1 0 1 1 1 1 1 1 1 1 1 0 1 0 1 0 1 1 1 1 1 0 1 1 0 0 1 1 1 1 1 1 0 0 1 0 1 1 0 1 1 0 1 0 1 1 0 0 1 1 1 0 0 1 1 1 1 0 0 1 0 0 0 1 1 1 0 1 0 0 0 0 1 0 1 1 1
100 1000000000 1000000000
0 0 1 1 0 0 0 1 0 1 1 1 1 1 1 1 0 1 0 1 0 0 1 0 0 1 0 0 1 1 1 1 1 1 0 0 1 1 0 1 1 0 1 1 0 0 1 0 1 0 1 0 1 0 1 1 1 1 0 1 0 0 0 1 1 1 1 0 0 0 1 1 1 1 1 1 1 0 1 0 1 0 1 0 0 0 0 0 1 1 1 1 0 1 0 0 1 0 1 1
100 1000000000 1000000000
0 1 0 1 1 0 0 0 0 0 0 1 1 0 0 0 1 1 0 0 1 0 0 0 1 0 1 1 1 1 1 0 1 1 0 0 1 0 0 1 0 0 1 1 1 0 0 0 1 0 0 1 1 0 0 0 1 1 0 0 1 0 1 0 1 1 0 0 0 1 0 0 0 1 0 0 0 0 0 1 1 1 0 1 0 1 0 0 1 1 1 1 0 1 1 1 1 1 0 1
100 1000000000 1000000000
0 1 1 1 0 0 1 0 0 1 1 0 1 0 0 1 1 0 1 1 0 1 0 1 1 1 1 1 0 0 1 0 1 1 0 0 1 1 1 1 1 1 1 1 0 0 1 1 0 1 1 1 0 1 0 1 0 1 0 0 0 0 0 0 0 0 0 0 1 0 1 0 1 0 0 0 1 1 0 0 1 1 1 0 1 1 0 1 1 1 1 0 1 1 1 0 0 1 0 0
100 1000000000 1000000000
0 1 1 1 0 0 1 1 0 1 1 1 1 1 1 1 0 0 0 1 1 1 0 1 0 0 0 0 0 0 1 0 0 1 1 1 0 1 1 1 1 0 0 0 0 1 1 1 1 1 1 0 1 0 0 0 0 0 0 0 1 1 1 1 1 1 0 1 0 1 0 1 1 0 0 1 1 1 0 0 1 0 0 1 1 1 0 1 1 1 1 0 0 0 0 1 1 1 1 1
100 1000000000 1000000000
0 1 0 0 0 1 0 1 1 0 1 0 1 1 1 0 1 0 0 0 1 1 1 1 0 0 1 0 1 0 0 1 0 1 0 0 0 0 0 1 1 1 0 0 1 1 0 1 0 1 0 0 1 0 0 0 1 0 0 0 1 1 1 1 1 0 1 1 1 0 1 1 0 0 0 1 1 1 1 1 1 1 0 0 0 0 0 1 0 0 0 1 1 0 1 0 0 1 1 0
100 1000000000 1000000000
1 1 1 1 1 1 1 1 0 1 1 1 0 1 1 0 0 1 1 1 1 1 0 1 0 1 0 1 1 0 0 1 0 1 0 0 1 1 1 0 1 1 1 1 1 1 0 0 1 0 0 0 0 1 0 1 1 0 1 0 1 1 1 1 1 1 1 0 0 1 0 1 0 0 1 1 1 1 1 1 1 1 1 0 0 0 0 1 0 0 1 0 1 1 1 1 0 1 1 0
100 1000000000 1000000000
0 1 0 1 1 1 0 0 1 0 1 0 0 0 1 0 0 0 1 0 0 0 0 0 1 0 0 1 0 0 0 1 0 1 1 0 1 0 0 1 1 1 1 1 0 0 1 1 0 1 0 0 0 1 0 0 1 0 0 1 1 1 0 0 0 0 0 0 0 1 1 0 1 0 1 1 1 0 1 0 1 1 1 1 1 1 1 0 1 1 0 0 0 0 0 0 1 1 1 0
100 1000000000 1000000000
1 1 1 1 0 0 1 0 0 0 1 1 1 1 0 1 0 0 1 0 0 1 1 0 0 1 1 0 0 0 0 1 1 1 0 1 1 1 0 0 0 1 0 0 0 1 0 0 0 1 0 1 1 0 1 1 0 1 0 1 1 1 0 1 1 1 0 1 0 1 0 0 1 1 0 1 1 1 1 0 1 0 0 0 0 1 0 1 1 0 0 1 0 1 0 0 0 1 0 1
100 1000000000 1000000000
1 1 1 1 0 0 1 1 1 0 1 0 0 0 0 0 0 0 1 0 0 0 0 0 0 0 0 1 1 0 0 0 1 0 1 1 1 1 1 1 0 1 0 0 1 1 1 1 0 0 1 0 1 1 1 1 1 0 1 0 1 1 1 0 1 0 0 0 0 1 0 1 0 0 0 0 1 1 1 1 0 0 0 0 1 1 1 0 1 1 1 0 0 0 1 1 1 1 0 1
100 1000000000 1000000000
0 0 0 1 1 0 1 1 0 0 0 1 0 0 0 0 1 0 1 0 0 1 0 0 0 1 0 0 1 0 0 1 0 0 0 0 1 0 0 0 0 0 1 1 0 0 0 1 1 1 1 0 0 0 1 0 0 1 1 0 0 0 0 1 0 1 0 1 0 0 0 1 0 1 1 0 1 0 1 0 1 1 1 0 1 1 1 0 1 1 1 1 1 1 1 0 0 1 1 0
100 1000000000 1000000000
1 0 1 1 1 0 0 0 0 1 1 1 0 0 0 0 0 1 1 1 1 1 1 1 0 1 1 1 1 0 0 0 0 0 1 1 0 1 0 1 1 0 0 0 0 0 1 1 1 0 0 0 0 1 1 1 1 0 0 1 0 1 1 0 1 1 1 1 1 1 0 1 1 1 1 0 1 0 0 0 1 0 1 1 1 0 1 0 1 0 0 0 1 0 0 1 1 0 1 1
100 1000000000 1000000000
0 0 1 0 1 1 1 1 1 0 1 1 1 0 1 0 0 1 1 0 1 1 1 1 0 1 0 0 1 1 0 1 1 0 1 0 1 1 0 1 0 1 1 0 1 1 0 0 0 0 0 1 1 0 1 0 0 1 1 0 1 1 1 0 1 1 0 0 1 1 0 0 0 0 1 0 1 1 1 0 0 1 1 0 1 1 1 1 0 1 1 1 1 0 0 1 1 1 1 0
100 1000000000 1000000000
1 1 1 0 0 1 1 0 0 0 0 0 0 1 0 0 0 0 1 1 0 1 0 0 0 0 1 0 1 0 0 1 0 0 1 1 0 0 1 0 1 1 1 0 0 1 0 1 1 0 0 1 0 0 0 1 1 1 1 0 0 1 0 0 1 0 0 0 1 0 0 0 0 0 1 1 1 1 1 1 0 0 0 1 1 0 1 0 0 1 1 0 0 0 0 1 0 1 0 1
100 1000000000 1000000000
1 1 1 1 1 0 1 0 0 1 1 1 1 0 1 1 0 1 0 0 0 0 1 0 1 0 0 0 0 1 0 1 1 1 0 1 0 0 1 1 1 0 0 0 1 0 1 0 1 0 1 0 1 1 1 0 0 1 0 1 0 0 1 1 0 0 0 0 0 0 0 0 0 1 0 0 1 1 0 1 1 0 1 0 1 0 1 0 0 1 1 1 0 0 1 1 1 0 1 0
100 1000000000 1000000000
0 0 0 0 0 0 1 1 1 0 0 0 0 0 1 1 1 1 0 1 0 0 0 1 0 0 0 1 1 1 1 1 1 1 1 0 0 1 0 0 1 1 0 0 0 1 1 1 0 1 1 0 0 0 1 1 0 0 1 0 1 0 1 1 1 0 1 0 0 1 1 0 0 0 0 1 0 0 1 0 1 1 1 1 0 1 0 0 1 1 1 1 1 0 0 1 0 1 0 0
100 1000000000 1000000000
0 1 1 1 0 0 1 1 1 0 0 0 1 1 0 1 0 0 0 1 0 0 0 0 0 1 0 0 1 0 0 1 1 1 0 1 0 0 0 1 1 1 0 1 1 0 0 0 1 1 0 0 1 1 0 1 1 1 1 0 0 0 0 0 1 1 0 0 1 0 1 0 0 0 1 1 0 0 0 0 0 1 0 1 1 0 0 0 0 1 1 1 0 0 0 1 0 0 1 0
100 1000000000 1000000000
1 0 0 1 1 1 1 1 0 1 0 1 1 0 0 0 0 0 1 0 1 1 0 0 0 0 0 0 0 1 1 1 0 1 1 1 1 0 0 1 0 1 1 1 1 0 1 0 0 1 1 0 1 0 0 1 0 0 1 0 1 0 0 1 1 0 1 1 0 0 0 1 0 0 0 0 0 1 0 0 1 1 1 1 0 1 0 1 0 1 0 0 1 0 1 1 1 1 1 0
100 1000000000 1000000000
0 0 0 0 0 0 1 1 0 1 1 0 1 0 1 1 0 0 0 1 1 0 1 0 1 1 0 0 0 1 1 0 0 0 0 1 1 0 0 0 0 0 0 1 0 0 1 0 1 1 0 1 1 1 1 0 0 1 1 0 0 0 0 0 1 1 1 0 0 0 0 0 1 1 0 0 1 1 0 1 1 1 1 1 0 0 0 1 0 1 1 0 0 0 1 0 1 1 0 0
100 1000000000 1000000000
1 1 0 1 0 0 0 1 0 0 1 0 0 0 0 0 0 0 0 0 1 0 1 0 1 0 0 0 0 0 1 1 1 1 0 1 1 0 0 0 0 1 0 0 1 1 1 1 1 1 0 1 0 0 1 0 1 1 1 1 0 1 0 1 0 0 0 0 0 1 0 0 1 1 1 0 0 1 0 0 1 0 1 0 0 1 0 1 0 1 0 0 1 1 0 0 0 1 1 0
100 1000000000 1000000000
1 1 1 1 1 1 1 0 0 1 0 1 1 0 0 0 1 0 1 0 1 0 0 1 1 1 1 0 0 1 1 1 1 0 1 1 0 1 1 0 1 0 0 1 0 0 0 1 1 0 0 1 1 1 0 0 0 0 1 1 1 1 1 0 1 0 1 0 0 1 1 0 1 1 0 0 0 1 0 0 1 1 1 0 0 1 0 0 1 1 0 0 1 1 0 1 1 1 0 0
100 1000000000 1000000000
1 1 1 1 0 1 0 0 1 0 1 0 1 1 0 0 0 1 1 0 1 1 0 1 0 1 1 0 0 0 0 1 0 0 0 0 0 0 1 1 0 0 1 1 0 1 0 0 1 0 0 0 0 0 1 0 0 1 1 0 0 1 1 0 1 1 1 0 1 0 0 1 1 1 1 1 1 0 0 0 1 1 1 1 1 1 0 0 1 0 1 0 1 1 0 1 1 1 0 1
100 1000000000 1000000000
0 0 1 0 1 1 1 1 0 0 0 0 0 1 0 1 0 0 1 0 1 1 0 0 1 0 0 1 0 0 1 1 1 0 1 1 1 1 1 0 1 1 1 1 0 0 1 0 1 1 1 0 1 0 0 1 0 0 0 0 0 0 1 1 1 1 0 1 1 0 0 1 1 0 1 0 0 1 1 1 1 1 1 1 1 0 1 0 0 1 1 0 1 0 1 1 1 0 0 0
100 1000000000 1000000000
1 0 1 1 1 0 0 1 1 0 1 1 1 1 1 1 1 1 0 1 0 1 0 1 1 0 1 0 1 1 0 0 0 1 0 1 1 1 0 0 1 1 1 0 1 1 1 0 0 1 1 0 0 0 0 1 0 1 1 1 1 0 1 0 0 0 0 0 1 1 1 0 0 1 0 0 1 0 0 0 1 0 1 1 0 1 1 0 1 1 0 0 1 0 1 0 1 0 1 0
100 1000000000 1000000000
0 1 1 0 1 1 1 1 0 0 0 1 0 0 1 1 1 0 1 1 0 0 1 1 0 1 0 1 1 1 1 1 0 0 1 0 1 1 0 1 1 1 1 1 1 1 1 1 0 0 1 0 0 0 0 1 1 0 0 0 0 1 0 0 0 0 1 0 0 1 1 0 0 0 1 1 1 0 1 1 1 1 0 0 1 1 1 0 1 0 1 1 0 1 0 0 1 1 1 1
100 1000000000 1000000000
0 0 0 1 1 0 0 1 1 1 0 0 1 1 0 0 1 1 1 0 0 0 1 0 0 1 1 1 1 0 0 0 0 1 0 0 1 0 0 1 1 0 1 1 0 0 1 0 0 1 1 1 0 1 1 0 0 0 0 1 0 0 1 1 1 0 0 1 1 1 0 0 0 0 0 0 0 0 0 0 0 1 1 1 0 0 1 0 1 1 1 1 0 1 0 0 1 1 1 1
100 1000000000 1000000000
1 0 0 1 0 0 1 1 1 1 0 0 1 0 1 0 0 0 1 0 0 0 0 0 1 1 0 0 0 1 1 1 1 0 1 0 1 0 1 0 1 0 1 1 0 1 0 1 1 1 0 0 1 1 0 0 1 1 0 0 1 1 0 1 0 1 0 0 0 1 0 0 0 1 1 0 1 0 1 0 1 1 1 1 0 1 0 1 0 0 0 0 1 1 1 1 1 0 1 1
100 1000000000 1000000000
0 0 0 0 1 1 1 1 1 1 0 0 0 1 0 1 0 1 0 0 1 0 0 0 0 0 0 0 0 1 0 1 0 0 1 0 0 0 1 1 0 1 1 0 0 1 1 1 1 1 1 0 1 1 0 1 0 0 0 1 1 0 0 1 1 0 1 1 1 0 0 1 0 0 1 0 1 0 1 0 0 1 1 1 0 0 1 0 0 1 1 0 1 0 1 0 0 1 0 1
100 1000000000 1000000000
1 1 1 1 1 0 1 0 1 1 1 1 0 0 0 1 0 0 0 1 1 0 1 0 1 0 1 1 0 1 1 0 1 1 0 1 1 1 1 1 1 0 1 1 0 1 1 1 0 1 1 0 1 0 0 1 1 0 0 0 1 1 1 0 1 0 1 0 0 1 1 1 1 1 1 1 1 0 1 0 0 1 1 0 0 1 0 1 0 1 0 1 0 1 0 1 0 1 1 0
100 1000000000 1000000000
1 0 0 0 0 1 0 0 0 1 1 0 1 1 0 0 1 1 1 1 0 1 1 0 1 0 0 1 0 0 1 1 0 1 1 0 1 0 1 0 0 1 0 1 0 0 0 0 1 1 0 0 1 0 0 0 0 0 0 1 1 0 1 1 1 0 0 1 0 1 0 1 1 0 1 0 1 0 1 1 0 0 1 0 0 1 1 0 0 1 0 1 1 1 1 0 1 0 1 1
100 1000000000 1000000000
1 1 0 0 1 1 1 0 0 1 1 1 0 0 1 1 0 1 1 0 0 0 1 0 0 1 0 0 1 0 1 1 0 1 1 0 1 1 0 1 0 0 0 0 0 1 0 1 1 1 1 1 0 0 0 0 0 0 1 0 1 0 1 1 0 0 1 1 1 1 1 1 0 0 1 1 1 0 0 0 1 0 1 1 1 0 1 1 0 0 0 0 0 0 1 0 0 1 1 1
100 1000000000 1000000000
0 0 0 1 0 1 0 1 1 0 1 0 1 1 1 0 1 0 0 1 0 1 1 1 1 0 1 1 1 1 0 1 1 1 1 1 0 1 1 0 0 0 1 0 0 1 0 1 0 0 0 0 0 0 1 1 0 1 0 0 1 0 0 1 0 1 1 0 1 1 1 0 1 1 0 0 0 0 0 1 1 0 0 0 1 1 1 0 1 0 1 1 0 0 1 0 1 0 1 1
100 1000000000 1000000000
0 0 1 0 1 0 1 0 1 1 1 1 1 1 0 0 0 1 1 0 0 0 0 1 1 0 0 1 1 0 1 0 1 0 1 1 0 0 0 1 0 0 1 1 0 0 0 0 1 0 1 1 0 1 1 0 0 0 0 0 0 0 0 1 0 1 0 1 0 1 0 0 0 1 0 1 0 1 0 0 1 0 0 1 0 1 1 1 0 1 0 1 0 1 0 1 0 0 1 0
100 1000000000 1000000000
0 0 1 1 0 1 0 1 1 1 1 1 0 1 1 1 0 1 1 1 1 0 1 1 1 1 1 1 1 0 0 1 1 1 1 0 1 1 0 0 1 0 0 0 0 1 0 1 1 1 1 1 1 1 0 1 1 0 1 1 0 1 1 1 1 0 0 0 0 1 0 1 0 0 0 1 1 0 1 0 0 0 1 0 0 0 0 1 0 1 0 1 0 1 0 0 0 0 0 0
100 1000000000 1000000000
0 0 1 0 1 1 1 1 1 1 1 1 1 0 0 1 0 0 1 1 1 1 0 0 0 1 0 0 1 0 1 0 1 0 0 1 0 1 1 1 0 0 0 0 0 0 1 1 1 1 0 0 0 0 0 1 1 0 0 0 1 0 0 1 0 1 1 1 1 0 1 1 1 0 1 1 1 1 0 0 0 0 1 0 0 0 0 0 0 0 0 1 0 0 1 1 1 0 0 1
100 1000000000 1000000000
1 1 1 1 0 1 1 0 1 0 1 0 1 0 0 1 0 0 0 1 0 1 1 1 0 1 1 0 0 0 0 1 1 0 0 1 1 1 0 0 1 0 1 0 1 0 0 1 0 0 1 1 1 0 1 0 0 0 1 1 0 0 1 0 1 1 1 0 1 0 0 0 1 0 1 0 1 1 0 0 0 1 0 1 1 0 0 0 1 1 1 1 0 0 1 1 1 1 0 1
100 1000000000 1000000000
1 0 0 0 0 0 1 1 1 0 0 0 1 0 1 1 1 1 0 1 1 0 1 0 0 0 0 1 0 1 1 0 1 1 1 1 1 1 0 0 1 0 0 0 0 1 1 1 0 1 1 1 0 0 1 0 0 0 0 1 1 1 1 0 0 0 0 0 0 0 0 1 1 1 1 1 1 0 0 0 0 1 1 0 1 0 0 0 1 1 1 0 0 0 1 0 1 1 0 1
100 1000000000 1000000000
1 1 1 0 0 1 0 1 0 0 0 1 1 0 1 1 1 0 1 1 0 0 0 0 0 1 1 1 1 1 0 0 0 0 0 1 1 1 1 0 1 0 0 0 0 0 1 1 0 1 0 0 1 1 1 0 1 0 1 0 1 0 1 0 0 0 0 1 1 1 1 1 1 0 1 1 1 1 0 0 0 1 0 1 0 0 1 0 1 1 0 0 0 0 1 1 0 1 1 1
100 1000000000 1000000000
0 0 0 0 1 0 0 1 1 0 0 0 0 0 0 0 0 0 1 0 1 0 0 1 0 1 0 1 0 1 1 0 0 1 0 0 0 1 0 1 1 0 1 0 1 1 0 1 0 0 1 1 0 0 0 0 0 1 1 0 1 0 1 0 0 0 0 0 0 0 0 1 1 1 0 1 1 1 0 1 0 0 1 0 1 0 1 1 0 0 1 0 0 0 0 1 0 1 1 0
100 1000000000 1000000000
1 1 1 1 1 1 0 1 0 0 0 1 0 1 1 1 1 0 0 1 1 1 0 1 1 1 0 0 1 1 1 0 0 0 1 0 0 1 0 1 1 0 1 1 1 1 0 1 1 1 0 0 1 0 0 0 0 0 1 1 1 1 0 1 1 0 1 1 1 0 0 1 0 0 0 1 0 0 1 0 0 1 0 0 0 0 0 1 1 1 0 1 0 1 1 0 1 1 1 0
100 1000000000 1000000000
0 0 0 1 0 1 1 0 1 1 1 0 0 0 1 1 1 1 1 1 1 1 0 1 0 1 1 1 1 0 1 1 1 1 0 0 0 1 1 1 0 1 0 1 0 1 1 1 1 1 1 0 1 1 1 1 1 1 1 0 1 0 0 1 1 0 1 1 0 0 1 0 0 1 0 1 0 1 0 0 1 0 0 0 1 1 1 1 1 0 0 0 1 1 1 1 1 0 0 0
100 1000000000 1000000000
0 0 1 1 0 1 0 0 0 1 1 1 1 0 1 1 0 1 1 0 1 1 1 1 0 1 0 1 1 1 1 1 1 1 1 1 0 1 0 1 1 1 0 0 1 1 1 1 0 1 0 0 1 1 1 0 0 0 0 1 1 1 1 1 0 1 1 1 1 1 1 0 0 1 0 0 1 0 0 0 1 0 0 1 0 0 0 0 0 0 1 0 0 1 1 1 1 0 0 1
100 1000000000 1000000000
1 0 0 1 1 1 0 1 0 1 0 1 1 1 1 1 1 0 1 0 1 1 1 0 0 0 0 1 0 1 1 0 0 1 1 1 1 0 0 1 1 1 0 0 0 1 0 0 0 0 0 1 0 1 0 0 1 0 1 1 0 1 0 0 1 0 0 1 0 1 0 1 0 0 0 0 0 0 0 0 1 0 1 0 0 1 0 1 1 1 1 0 0 0 0 1 1 1 1 1
100 1000000000 1000000000
0 0 1 0 0 0 1 0 0 0 1 0 0 1 1 0 0 0 1 1 0 0 0 1 0 1 0 0 0 1 1 0 0 0 0 1 1 1 0 0 0 0 1 0 0 0 1 1 1 0 0 0 0 0 1 0 0 0 0 0 0 1 1 0 1 1 1 0 1 1 1 0 1 0 1 1 0 1 1 1 1 1 1 1 0 1 0 1 1 1 0 0 0 1 0 1 1 1 0 1
100 1000000000 1000000000
1 0 0 0 1 1 0 0 1 0 1 1 0 0 0 1 1 1 0 1 0 1 1 1 1 0 0 1 0 0 0 0 0 1 0 1 0 0 0 1 1 0 0 0 1 0 0 0 1 1 1 1 1 1 1 0 1 0 1 0 0 0 1 0 1 0 0 0 0 1 1 0 0 0 1 0 0 1 0 0 0 0 1 1 0 1 0 0 0 1 0 0 1 1 1 0 0 0 0 1
100 1000000000 1000000000
1 0 0 0 1 0 0 1 0 1 0 1 1 0 0 1 0 1 0 1 1 0 1 0 1 0 0 0 1 1 0 1 1 1 0 1 0 0 1 0 0 1 1 1 0 1 0 0 0 0 1 0 1 0 1 0 1 1 0 1 0 1 1 1 1 1 1 1 0 0 1 1 0 1 1 0 0 0 1 1 0 1 1 1 1 0 1 0 1 0 1 0 0 0 0 1 1 1 1 0
100 1000000000 1000000000
1 1 1 1 0 0 0 0 0 0 0 0 0 0 1 0 0 0 1 1 1 0 0 1 0 0 1 1 0 1 1 0 1 0 1 1 1 1 1 0 0 1 1 1 1 1 1 0 1 0 1 0 0 0 0 0 0 1 0 1 0 0 0 1 0 0 0 1 1 0 1 1 0 1 0 1 0 1 0 0 1 0 1 1 1 0 1 1 1 0 0 0 1 1 0 0 0 1 0 1
100 1000000000 1000000000
0 1 1 1 1 1 0 1 1 1 0 0 0 1 0 1 0 1 1 1 1 1 0 1 1 0 1 1 1 1 1 0 0 1 0 0 0 0 0 1 0 1 1 0 1 0 1 0 1 0 1 1 0 1 0 1 0 1 0 1 0 1 0 1 1 1 1 1 1 0 0 1 0 0 1 1 0 1 1 0 1 1 1 1 1 0 0 0 0 1 0 1 1 1 0 0 1 1 1 1
100 1000000000 1000000000
0 1 1 0 0 0 0 0 1 0 0 1 1 0 0 0 1 0 1 0 0 0 1 1 1 0 1 1 1 1 0 0 0 0 0 1 0 1 0 1 1 0 0 1 1 1 1 0 1 1 0 0 0 0 1 1 1 1 1 1 1 0 1 0 0 0 1 0 0 0 0 1 1 0 0 0 0 1 0 1 1 1 1 0 1 1 1 0 1 0 0 0 0 1 0 0 0 1 0 0
100 1000000000 1000000000
1 0 0 0 1 0 0 1 0 1 1 1 1 0 0 1 1 1 0 0 1 1 0 0 1 0 1 1 0 1 1 1 0 1 1 0 1 1 1 0 1 1 1 0 1 1 0 1 0 0 1 0 1 1 1 1 0 1 1 1 1 1 1 1 1 1 1 0 0 1 0 1 0 0 1 0 0 0 1 0 0 1 1 1 0 1 0 1 1 1 1 0 1 0 1 1 0 1 0 1
100 1000000000 1000000000
1 0 1 1 0 0 1 0 1 0 0 0 1 0 1 0 1 1 1 0 1 1 1 1 1 0 1 0 0 0 0 1 0 1 0 1 0 1 1 0 0 1 0 1 1 0 0 0 1 1 0 1 1 1 0 1 0 1 0 0 0 0 1 0 1 1 1 1 0 1 1 1 0 1 0 1 1 0 0 0 0 1 0 1 1 1 0 0 1 0 0 1 0 1 1 0 1 1 1 0
100 1000000000 1000000000
0 0 0 1 1 0 1 1 1 0 1 1 0 0 0 0 1 0 1 0 1 0 1 0 0 1 1 1 1 1 1 0 0 0 1 0 1 0 0 1 0 0 0 1 0 1 0 0 1 0 1 0 1 1 1 0 1 0 1 1 1 1 0 1 1 0 1 0 0 1 0 0 0 1 0 0 0 1 0 0 0 1 0 1 0 1 0 1 0 0 0 1 1 1 0 0 0 0 0 1
100 1000000000 1000000000
0 0 1 1 1 1 1 1 1 0 1 0 1 1 0 1 0 1 0 1 1 0 0 1 0 0 1 0 1 0 0 1 1 1 1 0 0 0 1 0 1 0 0 1 1 0 0 0 1 0 0 1 0 0 1 1 1 1 0 0 0 1 0 1 0 1 1 1 0 0 1 0 0 0 1 0 0 0 0 1 0 0 0 0 0 0 1 0 0 0 1 0 0 0 0 1 1 0 0 0
100 1000000000 1000000000
0 1 0 0 0 0 0 1 0 0 0 0 0 1 0 0 0 1 0 1 1 1 1 0 0 1 1 0 0 0 0 0 0 1 0 0 1 1 0 0 0 1 1 0 1 0 1 1 0 0 0 0 1 1 1 0 0 1 0 0 0 1 1 0 0 1 1 0 1 0 0 0 0 1 0 0 1 0 0 0 0 1 0 1 1 1 1 1 1 0 1 1 0 1 0 0 0 1 0 0
100 1000000000 1000000000
1 1 0 0 1 0 1 0 1 1 1 0 1 0 0 1 1 1 1 0 1 0 0 0 0 0 0 1 1 0 0 1 1 0 1 0 0 1 1 0 1 1 1 1 0 0 1 1 0 0 1 1 0 1 0 0 1 1 1 0 0 1 1 0 0 0 1 0 1 1 0 1 0 1 1 1 1 0 0 1 0 0 0 1 1 1 0 0 1 0 1 1 1 0 0 0 1 0 0 1
100 1000000000 1000000000
0 0 0 0 1 0 1 0 0 0 1 0 1 1 1 0 1 0 0 0 0 0 1 0 1 1 1 1 0 0 1 1 0 0 0 1 0 0 1 0 0 0 0 0 0 0 1 0 0 1 0 0 0 1 0 1 1 0 0 1 1 0 1 1 1 0 1 0 1 1 1 1 0 1 1 1 0 0 0 0 0 0 1 0 1 1 0 1 1 0 0 1 0 1 0 0 1 0 0 0
100 1000000000 1000000000
1 0 0 1 0 0 1 0 1 0 0 1 1 1 1 1 1 0 1 1 1 0 0 1 0 1 0 1 0 1 0 0 1 0 1 1 0 1 1 0 1 0 0 0 1 1 1 0 1 0 0 1 1 0 0 0 0 0 1 1 0 0 0 0 1 1 0 0 1 0 1 1 1 0 0 1 0 1 0 1 1 1 1 0 0 1 0 1 1 0 1 1 1 1 1 0 1 1 0 0
100 1000000000 1000000000
0 0 0 1 0 0 1 0 1 1 1 1 1 0 1 1 1 0 1 0 1 1 0 0 0 0 1 1 0 1 1 1 1 0 1 0 0 1 0 1 0 0 1 1 0 1 1 0 0 1 0 1 0 1 1 0 1 0 1 0 1 0 1 0 0 0 0 0 1 0 1 1 1 1 1 1 1 1 1 1 0 0 1 1 1 1 0 1 1 0 1 1 0 0 0 0 0 1 1 1
100 1000000000 1000000000
0 1 0 1 1 0 0 1 0 0 1 1 0 0 0 0 0 1 1 0 1 0 1 0 1 1 0 1 0 1 0 0 0 0 1 1 1 1 0 1 0 0 0 0 0 1 0 0 0 0 1 0 1 0 0 0 1 0 1 0 0 0 0 1 1 0 1 0 1 0 1 0 1 1 1 0 0 1 0 1 1 1 1 1 1 1 1 0 0 0 0 1 0 1 0 0 1 0 1 0
100 1000000000 1000000000
1 0 0 1 1 1 0 1 0 0 0 1 1 0 1 1 0 0 0 0 0 1 1 0 1 1 0 0 0 0 0 1 0 0 1 0 0 0 1 1 1 0 0 0 0 1 1 1 1 1 0 0 1 1 1 0 0 0 1 0 0 1 0 0 1 0 1 0 0 1 1 0 0 1 1 1 0 1 0 1 0 0 1 1 1 1 0 0 1 0 0 0 1 1 1 0 0 1 1 1
100 1000000000 1000000000
1 0 1 1 1 0 0 0 1 1 1 0 1 0 1 0 0 0 0 0 0 0 1 0 1 0 0 0 0 1 1 1 0 0 1 0 1 1 1 0 0 1 0 1 0 0 0 1 1 0 0 0 0 1 0 1 1 0 1 1 1 0 1 0 1 1 1 0 1 1 0 0 1 1 1 0 0 0 0 0 1 1 1 1 0 0 1 0 0 1 1 0 1 0 0 0 0 1 0 1
100 1000000000 1000000000
1 1 0 0 1 0 1 1 0 0 1 0 0 0 0 0 0 0 1 1 0 1 1 0 1 1 1 1 0 0 1 1 1 1 0 0 1 0 1 1 1 1 0 0 0 0 1 1 0 0 1 1 0 1 1 1 0 1 0 0 0 0 0 0 1 1 0 1 1 1 1 1 1 1 1 0 0 1 0 0 1 1 0 0 0 1 1 0 1 1 1 1 0 1 1 0 0 0 0 1
100 1000000000 1000000000
1 1 0 1 0 1 0 0 1 1 1 0 0 1 0 0 0 1 1 1 0 1 1 1 1 0 1 1 1 0 1 0 1 0 0 1 1 0 0 1 1 1 1 0 1 1 1 0 1 0 0 0 1 1 0 0 1 1 1 0 0 1 0 0 0 0 1 0 0 1 0 0 0 0 1 0 0 1 0 1 0 1 1 0 0 0 0 0 0 1 1 1 0 1 1 1 1 0 0 0
100 1000000000 1000000000
0 1 0 1 1 0 1 0 0 1 1 1 1 0 0 0 0 1 1 1 0 0 1 1 0 0 0 1 0 0 0 1 0 1 1 0 0 1 0 1 1 0 1 0 0 1 0 0 0 0 1 1 1 0 0 1 0 0 0 1 0 1 1 1 0 0 1 0 0 0 0 0 0 1 0 0 0 1 0 1 0 0 0 0 1 1 0 1 0 0 0 1 0 0 1 0 0 0 0 1
100 1000000000 1000000000
0 0 1 1 0 0 0 1 0 1 0 1 0 1 1 1 1 1 0 1 0 0 0 0 0 1 1 0 1 1 1 0 0 1 1 0 1 1 1 1 0 1 0 0 1 1 1 0 1 0 1 1 1 1 0 1 0 0 0 0 1 0 1 0 0 1 0 0 1 1 1 1 0 0 1 0 0 0 0 1 1 1 0 0 0 0 1 0 1 0 1 1 1 0 1 1 1 1 0 0
100 1000000000 1000000000
1 1 0 1 1 0 1 1 1 0 0 1 0 0 0 1 1 1 0 1 1 0 1 1 0 1 0 1 0 0 0 0 0 1 1 1 0 1 1 1 1 1 0 1 1 0 0 0 1 0 1 1 0 0 1 0 1 1 1 1 1 0 0 0 0 1 0 0 1 1 0 1 0 0 0 1 0 1 1 0 0 1 0 0 0 0 0 1 1 1 1 0 0 1 1 1 1 0 0 1
100 1000000000 1000000000
0 0 1 1 0 1 1 0 0 1 1 0 0 1 0 1 1 1 0 0 1 0 0 0 0 0 1 0 0 1 1 0 0 0 1 1 0 1 0 1 0 0 0 0 1 1 0 1 1 1 0 0 0 0 1 1 1 0 0 1 0 0 1 1 0 0 1 0 1 0 1 0 1 0 1 0 1 0 0 1 1 0 0 0 0 1 0 1 0 1 0 0 1 0 0 1 0 0 1 1
100 1000000000 1000000000
1 0 0 1 0 1 1 1 0 0 0 0 1 0 0 0 1 0 1 0 0 1 1 0 1 1 0 1 1 0 0 0 0 0 0 0 0 0 0 1 1 1 1 1 0 1 1 0 0 1 1 0 0 1 1 0 1 1 1 1 1 1 1 0 0 1 0 0 1 1 0 0 0 0 0 1 1 1 0 1 1 1 1 1 1 0 1 0 0 1 0 1 0 0 0 1 1 0 0 0
100 1000000000 1000000000
0 1 0 0 0 1 1 0 0 1 1 0 1 1 1 0 0 0 1 1 1 0 1 0 1 1 1 1 1 1 0 0 1 0 1 1 1 1 0 0 1 1 0 1 1 1 0 0 0 1 1 1 1 0 1 1 1 0 1 0 1 0 0 1 1 0 1 1 1 0 0 0 0 0 0 0 1 1 0 1 1 0 0 0 1 1 0 0 0 0 0 0 1 1 1 0 0 1 0 1
100 1000000000 1000000000
0 1 0 0 0 1 0 0 1 0 1 1 1 0 1 1 0 0 0 0 0 0 1 1 1 1 0 1 0 1 1 1 0 1 0 1 0 0 0 1 0 1 0 1 1 1 0 1 0 0 1 1 0 0 1 0 0 1 0 0 0 0 1 0 1 1 0 0 0 1 1 0 0 0 0 0 0 1 0 0 1 1 1 1 1 1 1 1 1 1 1 1 1 1 0 0 0 0 1 1
100 1000000000 1000000000
1 1 1 0 1 1 0 0 0 1 0 0 0 1 0 1 1 1 0 0 0 0 1 1 0 0 0 1 1 1 0 0 0 1 0 0 1 1 0 1 1 0 0 0 0 1 1 0 0 0 1 0 1 0 1 1 1 0 0 1 1 0 1 1 1 1 1 1 0 1 0 0 0 0 0 1 1 0 0 1 1 0 0 0 1 1 1 1 0 1 0 0 0 0 0 1 0 1 1 0
100 1000000000 1000000000
0 1 0 0 1 1 0 1 1 1 0 1 1 1 0 0 1 1 0 0 1 1 1 0 0 0 0 1 0 0 0 0 0 1 1 1 1 0 1 0 1 1 0 1 0 1 0 1 1 0 1 0 1 0 0 0 1 0 0 0 1 0 0 1 0 0 0 1 1 0 0 1 0 1 0 0 0 1 0 1 0 0 0 1 1 0 1 0 1 0 0 0 1 1 0 1 1 0 1 1
100 1000000000 1000000000
1 1 1 1 0 0 0 0 1 1 0 0 0 0 1 1 1 1 0 1 0 1 1 1 0 1 1 1 0 0 1 0 1 1 1 0 1 0 0 0 1 1 1 0 1 0 1 0 0 0 0 0 1 1 1 0 0 0 0 1 1 1 0 0 0 1 0 0 0 0 1 0 0 0 1 1 0 0 1 0 0 1 0 1 0 0 0 1 1 0 0 0 0 0 0 1 1 0 0 0
100 1000000000 1000000000
0 0 0 0 0 1 0 1 0 1 1 0 1 1 0 0 0 0 1 1 0 0 0 1 0 0 0 0 0 0 1 1 1 0 1 1 0 0 0 1 0 0 1 0 0 0 0 1 1 1 1 1 1 0 1 0 0 0 1 0 1 1 1 1 1 1 1 0 1 1 1 1 0 1 0 1 0 0 1 1 1 1 0 1 1 1 1 1 0 1 1 1 1 0 0 0 1 0 1 1
100 1000000000 1000000000
1 1 1 1 0 1 0 1 0 1 0 1 0 1 0 1 1 0 1 1 0 1 0 1 1 0 1 1 0 1 1 0 1 1 1 0 0 1 0 0 0 1 1 1 0 1 0 0 1 1 1 1 0 0 0 1 1 1 0 1 0 0 1 0 1 1 1 1 1 0 1 0 0 0 0 0 1 0 1 0 1 0 1 1 1 1 1 1 1 1 1 1 1 0 1 0 1 0 0 0
100 1000000000 1000000000
0 1 0 1 0 1 0 1 0 1 1 1 1 0 0 1 0 1 1 0 0 1 1 0 0 0 0 0 0 0 1 0 1 1 0 1 1 0 0 0 1 0 0 1 0 0 1 0 0 0 1 1 0 0 1 1 0 0 1 1 1 1 0 1 0 0 0 1 0 0 0 1 0 1 1 0 1 0 0 1 1 0 1 0 1 0 1 1 1 0 0 1 0 1 1 1 0 1 1 1
100 1000000000 1000000000
1 1 0 0 0 0 1 0 0 0 1 0 1 0 1 1 1 1 0 0 1 1 0 0 1 0 1 1 0 0 1 1 1 1 1 0 0 0 0 0 0 1 1 1 1 1 0 1 0 0 1 0 1 0 0 1 1 0 0 0 0 0 0 0 0 0 0 0 0 0 0 0 0 1 1 1 1 1 1 1 0 0 0 0 0 1 0 1 1 0 0 1 1 1 1 1 0 0 1 1
100 1000000000 1000000000
1 1 0 1 0 0 1 0 0 0 0 1 0 1 1 1 0 1 0 1 1 0 1 0 1 1 0 0 0 1 0 1 0 1 1 0 0 0 1 0 1 1 0 1 1 1 0 1 1 0 0 0 1 0 1 1 0 1 0 0 1 0 0 0 1 0 1 1 1 1 0 1 0 0 1 0 1 1 0 1 0 0 1 1 0 1 0 0 1 0 0 0 0 1 1 1 0 1 0 0
100 1000000000 1000000000
1 1 1 1 1 0 1 1 0 0 0 1 0 0 0 1 1 0 1 0 1 1 0 0 1 1 0 0 1 0 1 0 0 1 0 0 1 0 1 0 1 0 0 1 1 1 1 0 0 1 0 0 0 0 0 0 0 0 0 0 1 0 1 1 0 0 0 1 0 0 0 1 1 1 1 0 1 1 1 1 1 1 0 0 0 1 1 0 1 0 1 1 1 0 0 1 1 0 1 1