45000000000
35000000000
48000000000
47000000000
45000000000
48000000000
50000000000
40000000000
50000000000
45000000000
45000000000
50000000000
42000000000
47000000000
37000000000
49000000000
49000000000
47000000000
49000000000
47000000000
47000000000
47000000000
42000000000
44000000000
48000000000
46000000000
50000000000
45000000000
45000000000
49000000000
50000000000
38000000000
44000000000
49000000000
41000000000
44000000000
48000000000
45000000000
49000000000
48000000000
47000000000
43000000000
47000000000
44000000000
47000000000
44000000000
49000000000
50000000000
44000000000
44000000000
49000000000
45000000000
47000000000
45000000000
49000000000
45000000000
42000000000
41000000000
47000000000
46000000000
44000000000
43000000000
50000000000
47000000000
47000000000
47000000000
48000000000
49000000000
49000000000
49000000000
44000000000
41000000000
49000000000
49000000000
46000000000
46000000000
49000000000
45000000000
44000000000
43000000000
44000000000
41000000000
45000000000
44000000000
47000000000
46000000000
46000000000
41000000000
48000000000
49000000000
46000000000
44000000000
42000000000
49000000000
46000000000
50000000000
41000000000
48000000000
48000000000
45000000000