611994
607827
602169
607950
611538
603601
610694
607099
605224
611251
608465
602963
609244
610296
606720
602644
604524
612515
608879
606394
610299
605712
606340
611660
606887
605925
611658
609903
604864
612096
608103
605569
610194
611148
603896
606696
612391
606878
605571
608106
610641
602655
610514
610416
605199
610328
608324
605861
607066
611142
608120
602751
605902
611881
606683
607707
611266
604831
607155
611248
607339
602785
608686
611052
604333
611436
607338
605344
611252
609201
602231
609848
610296
606967
603138
605257
612149
606791
607258
608090
606814
606836
610431
605170
607276
610917
611742
602286
609776
610802
604340
610559
611033
602788
607803
612264
607981
603243
607614
610522