616340
611837
611822
616944
614229
611075
613059
614159
607174
609376
614336
610292
613283
616057
617164
616235
616617
614101
611896
611893
613376
609983
612513
616184
612146
611581
617226
617155
614798
615132
614657
607486
610417
615629
609105
611739
616580
614119
613188
615565
611775
609745
615349
617288
610685
613247
616093
609519
612307
615277
616342
617381
616422
613915
609611
610373
613208
610941
612494
617093
613200
612694
616557
615235
611676
613208
615876
606915
609519
616544
610420
613396
615575
616426
615991
615876
612253
611018
613872
614498
610831
613391
616910
612152
612444
617229
617420
613807
614870
615154
608340
610563
616239
610337
612355
616586
613619
611953
617175
614730