620113
620142
616287
612666
614818
622326
617145
616639
619024
616025
616735
620725
616502
615596
620192
621521
612696
620968
619714
614899
619993
621753
613498
616782
622194
617951
613435
617737
621013
612203
619865
618643
615748
621694
618583
616272
616172
621616
616654
614050
615852
621708
617469
616830
621352
615372
616515
621877
616790
614459
619671
622020
612852
622334
616541
615547
621516
619923
614266
618116
620630
616927
613241
615341
621096
615524
618006
618536
616269
617365
620070
614886
617638
620909
620520
612910
619041
619811
616393
620110
621534
613712
617310
620080
616823
612912
618235
622283
612442
619337
616066
616022
622284
617587
612562
618398
620747
616283
613796
614856