50456889577
50173913532
50394040343
50516674537
50178141091
50254826870
50658637022
50362458095
50021494038
50410096278
50567903477
50171804461
50433440907
50648602455
50092580891
50223241483
50635610794
50322427007
49840663750
50312392440
50603287703
50040507067
50546037395
50201167319
50111808280
50624942564
50388337376
49884074374
50498399212
50447488673
50208878455
49888724375
50069450622
50612266165
50245422827
50178033911
50367212137
50212998834
50156804631
50694866132
50248698322
50172223764
50561037225
50575192171
49961078554
50642899488
50379781356
50153421956
50472204669
50639835214
49954001081
50285353013
50633391404
50267077688
49972166087
50258310447
50543821144
49890414143
50462066061
50467980249
50051175297
50617124248
50353798034
50158494399
50204020372
50639201551
50260211436
50012304355
50187223594
50638567888
50252080997
50251551375
50588183832
50112861246
50253767626
50583748191
50260952279
49952733755
50433229686
50604766250
49958963205
50648706496
50240249482
50143812970
50634765910
50398160722
49914389296
50396152553
50578571707
50261163500
49959177565
50119834678
50663495105
50183736878
50311229155
50386225166
50193774584
50288943770
50470092459
50066386348