50500303340
50029101133
50302357873
50543080301
49985264928
50162718819
50669727694
50677227609
50621878290
50674904178
50441467305
50166309576
50176977806
50340172710
50020333892
50087407546
50574662549
50246586112
50255564574
50671839904
50658637022
50446221347
50500725782
50516567357
49739366016
50065752685
50683460198
50101877754
50291689643
50562515772
50501252265
50446432568
50544558848
50190287868
50129235582
50525019336
50675641882
50266021583
50503575696
50581847202
50150783263
50317250523
50507696075
50662439000
50670995020
50655995190
50429005266
50030368459
50160184167
50415376803
50173598270
50317884186
50615330439
50253241143
50284612170
50585015517
50471993448
50285879496
50445058062
50480445427
49855767621
50019489008
50482872899
50156486230
50357388791
50586916506
50646912687
50500407381
50684093861
50482239236
50258099226
50257465563
50392035313
50050226372
50219335464
50695922237
50217327295
50193456183
50702366047
50679128598
50425940992
50460798735
50395518890
49727852902
50024347091
50602761220
50071985274
50180042080
50633391404
50451713093
50374923273
50544558848
50239404598
50090998303
50482346416
50646805507
50134093665
50400906595
50645011698
50047902941