49859676779
50450764168
50245952449
50122684592
50677965313
50343129804
49956113291
50335948290
50588606274
50159232103
49971743645
50085610598
50688318281
50322534187
50404604532
50669727694
50122473371
50213206916
50644378035
50179197196
50124377499
50535053903
50565472866
49988644464
50699301773
50311969998
50112230722
50666136937
50530088640
50066808790
50316720901
50576248276
50140537475
50089838157
50140748696
50531989629
50082757545
50462803765
50599274504
50041777532
50338694163
50581951243
50208348833
50275315307
50692331480
50410203458
49981992572
50392668976
50550580216
50154478061
50471571006
50621033406
50072514896
50185218564
50673740893
50329397300
49837492296
50309328166
50656736033
49910694498
50552165943
50276689813
50113072467
50574662549
50354431697
49845310612
50446539748
50477592374
50117826509
49981989433
50034804100
50657158475
50385276241
50179830859
50527765209
50143598610
50180779784
50696874301
50270986846
50114342932
50606140756
50513610263
50040295846
50667930746
50403970869
50091950367
50534209019
50570015687
50037972415
50193349003
50687473397
50262430826
50070825128
50301935431
50553537310
49878686669
50594731683
50569382024
50092584030
50491113657